[V front]
4=V front,Km/h,,FF,1,
5=0,51,0,0,43960000,0,
7=0,FF,0,43960000,0,
AL=1,1,1,1,1,1,1

[RPM]
4=RPM,U/min,,FF00,5,
5=0,50,0,0,465AC000,0,
7=0,FF00,0,467A0000,0,
AL=1,0,0,1,1,1,1,0,0,0,1000,1,1,1,1,1,0,0,0,0

[Throttle]
4=Throttle,%,,808080,1,
5=0,51,0,0,42C80000,0,
7=0,FF0000,C0A00000,42D20000,0,
AL=0,1,0,1,1,1,1,0,0,0,0,1,1,1,1,1,0,0,0,0
ColorScale=1,16711680,255,256,0.00,100.00,8421504,16711680,32768,16776960,65280,255,65535,16777215

[Front SUSP]
4=Front SUSP,mm,,808080,2,
5=0,51,0,0,42C80000,

[Rear Sus]
4=Rear Sus,mm,,808080,2,
5=0,51,0,0,42C80000,0,
AL=0,1,1,1,1,1
7=0,FF,0,42C80000,

[V rear]
4=V rear,km/h,,FFFF,0,
5=0,51,0,0,43960000,0,
7=0,FFFF,0,43960000,
AL=0,1,1,1,1,1,1

[SPEED]
5=0,51,0,0,0,0,
7=0,FF,0,43700000,0,
AL=1,1,1,1,1,1,1,0,0,0,0

[Time diff]
AL=1,1,0,1,1,1,1,0,0,0,0,1,1,1,1,1,0,0,0,0
5=0,52,0,0,0,0,
7=0,FF00,C0000000,40000000,0,

[Trottle]
5=0,50,0,0,0,0,
7=0,FF0000,C1200000,42DC0000,
AL=0,1,1,1,1,1,3

[Gearpos]
AL=0,1,0,1,1,1,1

[GEAR]
AL=0,1,0,1,1,1,1,0,0,0,0,1,1,1,1,1,0,0,0,0
5=0,51,0,0,0,0,
7=0,FF0000,3F333333,40C9999A,

[Acc_x]
AL=0,0,0,1,1,1,1,0,0,0,0,1,1,1,1,1,0,0,0,0
5=0,51,0,0,0,0,
7=0,FFFF00,C1200000,41200000,0,

[Acc_y]
AL=0,0,0,1,1,1,1,0,0,0,0.00,1,1,1,1,1,0.00
5=0,51,0,0,0,0,
7=0,FF0000,C0A00000,40A00000,0,

[Gear_pos]
AL=1,1,1,1,1,1,1
5=0,51,0,0,0,0,
7=100,FF0000,BDCCCCCD,40A33333,

[ACC_Lat]
AL=1,0,0,1,1,1,1,0,0,0,0.00,1,1,1,1,1,0.00
5=0,51,0,0,0,0,
7=40,80FF,C0400000,40400000,0,

[ACC_Long]
AL=1,0,0,1,1,1,1,0,0,0,0.00,1,1,1,1,1,0.00
5=0,51,0,0,0,0,
7=40,FFFF,C0400000,40400000,0,

[T-Oil]
5=0,51,0,0,0,0,
7=0,808080,C2700000,42A00000,

[T-Water]
5=0,51,0,0,0,0,
7=0,808080,C2700000,42A00000,

[T-Air]
5=0,51,0,0,0,0,
7=0,808080,C2580000,41B80000,

[P-Oil]
5=0,51,0,0,0,0,
7=20,FF,0,41200000,0,
AL=1,0,1,1,1,1,1,0,0,0,0.00,1,1,1,1,1,0.00

[Steering]
AL=0,0,1,1,1,1,1,0,0,0,0.00,1,1,1,1,1,0.00
5=0,51,0,0,0,0,
7=0,FF00FF,C3480000,43480000,0,

[Gear_Pot]
AL=0,1,1,1,1,1,1,0,0,0,0
5=0,52,0,0,0,0,
7=0,FF00,0,41000000,

[TDiff window]
AL=1,0,1,1,1,1,1,0,0,0,0,1,1,1,1,1,0,0
5=0,52,0,0,0,0,
7=0,FFFF00,C0000000,40000000,0,

[T_WATER]
5=0,51,0,0,0,0,
7=10,FF0000,0,43160000,0,
AL=0,0,0,1,1,1,1,0,0,0,0,1,1,1,1,1,0,0,0,0

[T_Oil]
5=0,51,0,0,0,0,
7=10,FF,0,430C0000,0,
AL=0,0,0,1,1,1,1,0,0,0,0,1,1,1,1,1,0,0,0,0

[Brake_F]
AL=0,0,0,1,1,1,1,0,0,0,0,1,1,1,1,1,0,0,0,0
5=0,51,0,0,0,0,
7=80,FF80,BF800000,41700000,0,
ColorScale=1,16711680,255,256,0.00,8.00,8421504,16711680,32768,16776960,65280,255,65535,16777215,8421504,16711680,32768,16776960,65280,255,65535,16777215

[Brake_R]
AL=0,0,0,1,1,1,1,0,0,0,0.00,1,1,1,1,1,0.00
5=0,50,0,0,0,0,
7=80,8000,0,42C80000,

[Damp_F]
AL=0,0,0,1,1,1,1,0,0,0,0.00,1,1,1,1,1,0.00
5=0,61,0,0,0,0,
7=0,C08000,C2480000,42C80000,

[Damp_RL]
AL=0,0,0,1,1,1,1,0,0,0,0.00,1,1,1,1,1,0.00
5=0,61,0,0,0,0,
7=0,FF,C2480000,42C80000,

[Damp_RR]
AL=0,0,0,1,1,1,1,0,0,0,0.00,1,1,1,1,1,0.00
5=0,61,0,0,0,0,
7=0,FFFF,C2480000,42C80000,

[Gear-Pos]
AL=0,0,1,1,1,1,1,0,0,0,0.00,1,1,1,1,1,0.00
5=0,41,0,0,0,0,
7=0,808080,0,41000000,0,

[P-Fuel]
AL=0,0,1,1,1,1,1,0,0,0,0.00,1,1,1,1,1,0.00
5=0,51,0,0,0,0,
7=20,FF00,0,41200000,0,

[U-BAT]
AL=0,0,0,1,1,1,1,0,0,0,0.00,1,1,1,1,1,0.00
5=0,41,0,0,0,0,
7=0,80FF,0,42C80000,0,

[Gear_Nr]
5=0,50,0,459C4000,465AC000,0,
7=0,FF,3F333333,40C9999A,0,
AL=0,0,0,1,1,1,1,0,0,0,0,1,1,1,1,1,0,0,0,0
ColorScale=1,16711680,255,6,0.70,6.30,8421504,16711680,32768,16776960,65280,255,65535,16777215,8421504,16711680,32768,16776960,65280,255,65535,16777215

[Vext]
5=0,41,0,0,0,0,
7=0,80FF,0,41A00000,0,
AL=0,0,0,1,1,1,1,0,0,0,0,1,1,1,1,1,0,0,0,0

[THR ECU]
5=0,51,0,0,0,0,
7=200,FF0000,C1200000,42DC0000,0,
AL=0,0,1,1,1,1,1,0,0,0,0.00,1,1,1,1,1,0.00

[Vfront]
5=FF,51,0,0,0,0,
7=200,FF,0,43960000,0,
AL=0,0,1,1,1,1,1,0,0,0,0.00,1,1,1,1,1,0.00

[V_Ratio]
AL=0,0,0,1,1,1,1,0,0,0,0.00,1,1,1,1,1,0.00

[DS_R]
AL=0,0,0,1,1,1,1,0,0,0,0.00,1,1,1,1,1,0.00

[Ds]
AL=0,0,0,1,1,1,1,0,0,0,0.00,1,1,1,1,1,0.00

[V_Front_Corr]
5=FF,51,0,0,0,0,
7=200,FF,0,43AA0000,0,
AL=0,0,0,1,1,1,1,0,0,0,0.00,1,1,1,1,1,0.00

[Vrear]
5=FF,51,0,0,0,0,
7=0,FFFF,0,43960000,
AL=0,0,0,1,1,1,1,0,0,0,0.00,1,1,1,1,1,0.00

[Susp_F]
5=0,51,0,0,0,0,
7=0,4080FF,C1200000,42F00000,0,
AL=0,0,0,1,1,1,1,0,0,0,0,1,1,1,1,1,0,0,0,0

[Susp_R]
5=0,51,0,0,0,0,
7=0,FFFF00,C0000000,42340000,0,
AL=0,0,0,1,1,1,1,0,0,0,0,1,1,1,1,1,0,0

[Susp_F_lo]
5=0,51,0,0,0,0,
7=0,FF0000,C1200000,42F00000,0,
AL=0,0,1,1,1,1,1,0,0,0,0,1,1,1,1,1,0,0

[Susp_F_speed]
5=0,51,0,0,0,0,
7=0,80FF,C4480000,44480000,0,
AL=0,0,0,1,1,1,1,0,0,0,0,1,1,1,1,1,0,0,0,0

[Susp_R_lo]
5=0,51,0,0,0,0,
7=0,80FF00,C0000000,42340000,0,
AL=0,0,1,1,1,1,1,0,0,0,0,1,1,1,1,1,0,0

[Susp_R_speed]
5=0,51,0,0,0,0,
7=0,FFFF,C3C80000,43C80000,0,
AL=0,0,0,1,1,1,1,0,0,0,0,1,1,1,1,1,0,0,0,0

[SuspPitch]
5=0,51,0,0,0,0,
7=0,C080FF,C0200000,4099999A,
AL=0,0,1,1,1,1,1,0,0,0,0,1,1,1,1,1,0,0

[V_front]
5=0,51,0,0,0,0,
7=1,FFFFFF,0,43960000,0,
AL=1,0,0,1,1,1,1,0,0,0,0,1,1,1,1,1,0,0,0,0
ColorScale=1,16711680,255,256,70.00,250.00,8421504,16711680,32768,16776960,65280,255,65535,16777215,8421504,16711680,32768,16776960,65280,255,65535,16777215

[V_rear]
5=0,51,0,0,0,0,
7=0,FFFF,0,43960000,0,
AL=0,0,0,1,1,1,1,0,0,0,0,1,1,1,1,1,0,0,0,0

[Front Fork]
5=0,51,0,0,0,0,
7=0,FFFF00,0,430C0000,0,
AL=0,0,0,1,1,1,1,0,0,0,0,1,1,1,1,1,0,0

[Rear Shock]
5=0,51,0,0,0,0,
7=0,FF8080,C0400000,420C0000,0,
AL=0,0,0,1,1,1,1,0,0,0,0,1,1,1,1,1,0,0

[Deto#1]
5=0,51,0,0,0,0,
7=0,FF8080,0,42200000,
AL=0,0,0,1,1,1,1,0,0,0,0,1,1,1,1,1,0,0

[Deto#2]
5=0,51,0,0,0,0,
7=0,80FFFF,0,42200000,
AL=0,0,0,1,1,1,1,0,0,0,0,1,1,1,1,1,0,0

[ExTemp#1]
5=0,51,0,0,0,0,
7=0,8000,428C0000,44548000,
AL=0,0,1,1,1,1,1,0,0,0,0,1,1,1,1,1,0,0

[ExTemp#2]
5=0,51,0,0,0,0,
7=0,FFFF00,428C0000,44548000,
AL=0,0,1,1,1,1,1,0,0,0,0,1,1,1,1,1,0,0

[V_GPS]
5=0,51,0,0,0,0,
7=0,FFFFFF,0,42C80000,0,
AL=1,0,0,1,1,1,1,0,0,0,0,1,1,1,1,1,0,0,0,0

[A_lat_gps]
5=0,62,0,0,0,0,
7=2,80FF,C1A00000,41A00000,0,
AL=0,2,0,1,1,1,1,0,0,0,0,1,1,1,1,1,0,0,0,0

[A_lon_GPS]
5=0,62,0,0,A,0,
7=2,C0C0C0,C1A00000,41A00000,0,
AL=0,0,0,1,1,1,1,0,0,0,0,1,1,1,1,1,0,0,0,0
ColorScale=1,16711680,255,256,-12.00,8.00,8421504,16711680,32768,16776960,65280,255,65535,16777215,8421504,16711680,32768,16776960,65280,255,65535,16777215

[Banking_GPS]
5=0,62,0,0,3,0,
7=0,80FF,428C0000,C28C0000,0,
AL=0,0,0,1,1,1,1,0,0,0,0,1,1,1,1,1,0,0,0,0
RL=0,0,0,0,0,55,-55,0,0
ColorScale=1,16711680,255,256,60.00,-60.00,8421504,16711680,32768,16776960,65280,255,65535,16777215,8421504,16711680,32768,16776960,65280,255,65535,16777215

[Course]
5=0,71,0,0,0,0,
7=40080000,FF00FF,0,43BE0000,0,
AL=0,0,0,1,1,1,1,0,0,0,0,1,1,1,1,1,0,0,0

[GPSValid]
5=0,31,0,0,0,0,
7=90000,808080,0,40400000,0,
AL=0,1,0,1,1,1,1,0,0,0,0,1,1,1,1,1,0,0,0,0

[GPS_Yaw]
5=0,62,0,0,7,0,
7=0,FF00,C2480000,42480000,0,
AL=0,0,0,1,1,1,1,0,0,0,0,1,1,1,1,1,0,0,0

[ValidSat]
5=0,31,0,0,0,0,
7=40880100,FF00FF,3F000000,4019999A,0,
AL=1,0,0,1,1,1,1,0,0,0,0,1,1,1,1,1,0,0,0,0

[SSHH]
5=0,52,0,0,0,0,
7=8300,FFFF80,0,42700000,0,

[Win change]
5=0,53,0,0,0,0,
7=0,FFFF,BDCCCCCD,3DCCCCCD,0,

[Meter diff]
5=0,51,0,0,0,0,
7=0,FF,0,43960000,0,

[MDiff window]
5=0,51,0,0,0,0,
7=0,FF,0,43960000,0,

[Altitude]
5=0,72,0,0,0,0,
7=0,FF00,0,455AC000,0,
AL=1,0,0,1,1,1,1,0,0,0,0,1,1,1,1,1,0,0,0,0

[HHMM]
5=0,52,0,0,0,0,
7=40080000,808080,0,41C80000,0,
AL=0,0,0,1,1,1,1,0,0,0,60,1,1,1,1,1,0,0,0,0

[V_Sat]
AL=0,0,0,1,1,1,1,0,0,0,4,1,1,1,1,1,0,0,0,0
5=0,62,0,0,0,0,
7=40080000,FF00FF,0,42C80000,0,
ColorScale=1,16711680,255,4,0.00,80.00,8421504,16711680,32768,16776960,65280,255,65535,16777215,8421504,16711680,32768,16776960,65280,255,65535,16777215,0.00,140.00,0

[ECU_Fuel_Consumption]
5=0,20,0,0,0,0,
7=0,FF,0,41700000,0,
AL=1,0,0,1,1,1,1,0,0,0,0,1,1,1,1,1,0,0,0,0

[T_Mot]
5=0,61,0,0,0,0,
7=0,FF,0,430C0000,0,
AL=1,0,0,1,1,1,1,0,0,0,0,1,1,1,1,1,0,0,0,0
RL=0,0,0,0,72,70,0,0,0

[Lean_Angle]
5=0,51,0,0,0,0,
7=0,FF8000,C2480000,42480000,0,
AL=1,0,0,1,1,1,1,0,0,0,0,1,1,1,1,1,0,0,0,0

[Slip]
5=0,42,0,0,0,0,
7=0,80FF,C1F00000,41F00000,0,
AL=1,0,0,1,1,1,1,0,0,0,0,1,1,1,1,1,0,0,0,0
ColorScale=1,16711680,255,256,-5.00,5.00,8421504,16711680,32768,16776960,65280,255,65535,16777215,8421504,16711680,32768,16776960,65280,255,65535,16777215

[MTC_Status]
5=0,10,0,0,0,0,
7=0,FFFF,BF800000,40000000,0,
AL=1,3,0,1,1,1,1,1,0,0,0,1,1,1,1,1,0,0,0,0

[ABS_Status]
5=0,10,0,0,0,0,
7=0,0,BF800000,40000000,0,
AL=1,0,0,1,1,1,1,0,0,0,0,1,1,1,1,1,0,0,0,0

[Fuel_Level]
AL=1,0,0,1,1,1,1,0,0,0,0,1,1,1,1,1,0,0,0,0

[Distance]
5=0,62,0,0,0,0,
7=0,0,0,46E29000,0,
AL=1,0,0,1,1,1,1,0,0,0,0,1,1,1,1,1,0,0,0,0

[Consumption]
5=0,20,0,0,0,0,
7=0,80FFFF,0,457A0000,0,
AL=1,0,0,1,1,1,1,0,0,0,0,1,1,1,1,1,0,0,0,0

[Consumption_per_lap]
AL=1,0,0,1,1,1,1,0,0,0,0,1,1,1,1,1,0,0,0,0
5=0,20,0,0,0,0,
7=0,8000FF,0,43FA0000,0,

[Fuel_curr]
5=0,22,0,0,0,0,
7=0,C080FF,0,41180000,0,
AL=1,0,0,1,1,1,1,0,0,0,0,1,1,1,1,1,0,0,0,0

[Banking_KTM]
5=0,41,0,0,0,0,
7=0,0,C2480000,42480000,0,
AL=1,0,0,1,1,1,1,0,0,0,0,1,1,1,1,1,0,0,0,0

[MTC_Contol_Status22]
AL=1,3,0,1,1,1,1,1,0,0,0,1,1,1,1,1,0,0,0,0
5=0,10,0,0,0,0,
7=0,8080FF,BDCCCCCD,3F8CCCCD,0,

[ABS_Rear_Control_Status]
AL=1,3,0,1,1,1,1,1,0,0,0,1,1,1,1,1,0,0,0,0
5=0,10,0,0,0,0,
7=0,80FFFF,BDCCCCCD,3F8CCCCD,0,

[ABS_Front_Control_Status]
AL=1,3,0,1,1,1,1,1,0,0,0,1,1,1,1,1,0,0,0,0
5=0,11,0,0,0,0,
7=0,80FF80,BDCCCCCD,3F8CCCCD,0,

[ABS_ABS_Mode_Ack]
AL=1,3,0,1,1,1,1,1,0,0,0,1,1,1,1,1,0,0,0,0
5=0,11,0,0,0,0,
7=0,FFFF80,BDCCCCCD,40066666,0,

[ABS_MTC_Mode_Ack]
AL=1,3,0,1,1,1,1,1,0,0,0,1,1,1,1,1,0,0,0,0
5=0,11,0,0,0,0,
7=0,FF,BDCCCCCD,40066666,0,

[MTC_Akt]
5=0,10,0,0,0,0,
7=0,FF,BDCCCCCD,3F8CCCCD,0,
AL=1,0,0,1,1,1,1,0,0,0,0,1,1,1,1,1,0,0,0,0

[MTC_Mode]
5=0,10,0,0,0,0,
7=0,FFFF80,BDCCCCCD,40066666,0,
AL=1,3,0,1,1,1,1,0,0,0,0,1,1,1,1,1,0,0,0,0

[MTC]
5=0,10,0,0,0,0,
7=0,FFFF,BF800000,40E00000,0,
AL=1,3,0,1,1,1,1,0,0,0,0,1,1,1,1,1,0,0,0,0

[MTCText]
AL=1,0,0,1,1,1,1,0,0,0,0,1,1,1,1,1,0,0,0,0
5=0,10,0,0,0,0,
7=0,FFFF,0,41100000,0,

[MTC_ModeText]
5=0,10,0,0,0,0,
7=0,FFFF80,0,42C80000,0,
AL=1,0,0,1,1,1,1,0,0,0,0,1,1,1,1,1,0,0,0,0

[V_Ext]
7=0,0,0,42C80000,0,
5=0,63,0,0,0,0,
AL=1,0,0,1,1,1,1,0,0,0,0,1,1,1,1,1,0,0,0,0

[MTC_Act]
7=0,FF,BDCCCCCD,3F8CCCCD,0,
AL=1,3,0,1,1,1,1,1,0,0,0,1,1,1,1,1,0,0,0,0
5=0,10,0,0,0,0,

[ABS_Act_R]
7=0,FFFF,BDCCCCCD,3F8CCCCD,0,
5=0,10,0,0,0,0,
AL=1,3,0,1,1,1,1,1,0,0,0,1,1,1,1,1,0,0,0,0

[ABS_Act_F]
7=0,FFFFFF,BDCCCCCD,3F8CCCCD,0,
5=0,10,0,0,0,0,
AL=1,3,0,1,1,1,1,1,0,0,0,1,1,1,1,1,0,0,0,0

[ABS_Mode]
7=0,FFFF80,BDCCCCCD,40066666,0,
5=0,10,0,0,0,0,
AL=1,3,0,1,1,1,1,0,0,0,0,1,1,1,1,1,0,0,0,0

[ABS]
7=0,C080FF,BF800000,41000000,0,
5=0,10,0,0,0,0,
AL=1,3,0,1,1,1,1,0,0,0,0,1,1,1,1,1,0,0,0,0

[Throttle_E]
7=0,0,0,0,,
AL=1,3,0,1,1,1,1,0,0,0,0,1,1,1,1,1,0,0,0,0

[Lat_dez]
7=0,0,0,0,,

[Lon_dez]
7=0,0,0,0,,

[MMDD]
7=0,0,0,0,0,
5=0,52,0,0,0,0,

[EVENTTRG]
7=0,0,0,0,0,
5=0,A0,0,0,0,0,

[Longitude]
7=0,0,0,0,0,
5=0,B7,0,0,0,0,

[Latitude]
7=0,0,0,0,0,
5=0,B7,0,0,0,0,

[TextChannel]
7=0,0,0,0,,

[ABS_ModeText]
5=0,11,0,0,0,0,
7=0,FFFF80,0,42C80000,0,
AL=1,0,0,1,1,1,1,0,0,0,0,1,1,1,1,1,0,0,0,0

[ABSText]
5=0,10,0,0,0,0,
7=0,C080FF,0,42C80000,0,
AL=1,0,0,1,1,1,1,0,0,0,0,1,1,1,1,1,0,0,0,0

[Consumption_per_100km]
5=0,62,0,0,0,0,
7=0,FFFF80,0,41A00000,0,
AL=1,0,0,1,1,1,1,0,0,0,0,1,1,1,1,1,0,0,0,0

[Consumption_curr_per_100km]
5=0,62,0,0,0,0,
7=0,FF,0,41F00000,0,
AL=1,0,0,1,1,1,1,0,0,0,0,1,1,1,1,1,0,0,0,0

[_C1]
5=0,64,0,0,0,0,
7=0,0,0,3D591687,0,
AL=1,0,0,1,1,1,1,0,0,0,0,1,1,1,1,1,0,0,0,0

[TK_Ex1]
5=FFFFFFFF,50,0,0,0,0,
7=0,808080,43480000,44480000,0,

[Deto]
5=FFFFFFFF,51,0,0,0,0,
7=0,8000FF,0,41400000,0,

[A/F#1]
5=0,51,0,0,0,0,
7=0,800080,41000000,41900000,0,
AL=1,0,0,1,1,1,1,0,0,0,0,1,1,1,1,1,0,0,0,0
ColorScale=1,16711680,255,256,11.60,14.50,8421504,16711680,32768,16776960,65280,255,65535,16777215,8421504,16711680,32768,16776960,65280,255,65535,16777215

[A/F#2]
5=0,51,0,0,0,0,
7=0,808080,41000000,41900000,0,
AL=1,0,0,1,1,1,1,0,0,0,0,1,1,1,1,1,0,0,0,0

[GearChangeRPM]
5=0,50,0,0,0,0,
7=0,0,0,467A0000,0,
AL=1,3,0,1,1,1,1,1,0,0,0,1,1,1,1,1,0,0,0,0

[Re_dtc_tot]
5=0,75,0,0,0,0,
7=0,80FF,3F4CCCCD,40000000,0,

[Bank_dtc]
5=0,62,0,0,0,0,
7=0,8000FF,C3160000,43160000,0,

[GearChange]
5=0,50,0,0,0,0,
7=0,0,C4C80000,44C80000,0,

[P_AirBox]
5=0,71,0,0,0,0,
7=0,FF00,446D8000,44898000,0,

[UpShiftRPM_LAP]
AL=1,0,0,1,1,1,1,0,0,0,0,1,1,1,1,1,0,0,0,0

[UpShift]
5=0,50,0,0,0,0,
7=0,0,0,40400000,0,
AL=1,2,0,1,1,1,1,1,0,0,0,1,1,1,1,1,0,0,0,0

[__TK_EX1]
5=0,50,0,0,0,0,
7=0,808080,43480000,44480000,0,

[__DETO]
5=0,51,0,0,0,0,
7=0,8000FF,0,41400000,0,

[__Re_dtc_tot]
5=0,75,0,0,0,0,
7=0,80FF,3F4CCCCD,40000000,0,

[__Bank_dtc]
5=0,62,0,0,0,0,
7=0,8000FF,C3160000,43160000,0,

[__ABS_Status]
5=0,10,0,0,0,0,
7=0,808080,BF800000,40000000,0,

[__Brake_pres_f]
5=0,51,0,0,0,0,
7=0,0,0,45E10000,0,
AL=1,0,0,1,1,1,1,0,0,0,0,1,1,1,1,1,0,0,0,0

[Lon_Minutes]
5=0,B8,0,0,0,0,
7=0,FF8000,0,42C80000,0,
AL=1,0,0,1,1,1,1,0,0,1,0,1,1,1,1,1,0,0,0,0

[Lat_Minutes]
5=0,B8,0,0,0,0,
7=0,FFFF80,0,42C80000,0,
AL=1,0,0,1,1,1,1,0,0,1,0,1,1,1,1,1,0,0,0,0

[HV_Cell_Voltage]
5=0,40,0,0,0,0,
7=4,C08080,45480000,45834000,0,
AL=1,0,0,1,1,1,1,0,0,0,0,1,1,1,1,1,0,0,0,0

[HV_Cell_Temperature]
5=0,51,0,0,0,0,
7=0,8000FF,0,43160000,0,
AL=1,0,0,1,1,1,1,0,0,0,0,1,1,1,1,1,0,0,0,0

[AMK_Actualvelocity_2]
5=0,80,0,0,0,0,
7=0,FF00,0,46EA6000,0,
AL=1,0,0,1,1,1,1,0,0,0,0,1,1,1,1,1,0,0,0,0

[HV_Current]
5=0,51,0,0,0,0,
7=4,FFFF,C1F00000,43340000,0,
AL=1,0,0,1,1,1,1,0,0,0,0,1,1,1,1,1,0,0,0,0

[State_of_Charge]
5=0,61,0,0,0,0,
7=0,FF,0,45BB8000,0,
AL=1,0,0,1,1,1,1,0,0,0,0,1,1,1,1,1,0,0,0,0

[HV_Accumulator_Status_32BIT]
5=0,80,0,0,0,0,
7=0,FF00,0,41800000,0,

[HV_Voltage_Before_&_After_AIRs]
5=0,80,0,0,0,0,
7=0,40FF00,0,442F0000,0,

[AMK_ActualVelocity_4]
5=0,71,0,0,0,0,
7=0,FFFF,0,46EA6000,0,
AL=1,0,0,1,1,1,1,0,0,0,0,1,1,1,1,1,0,0,0,0

[SlipControl_Input3]
5=0,A0,0,0,0,0,
7=8,FF00,0,41200000,0,
AL=1,0,0,1,1,1,1,0,0,0,0,1,1,1,1,1,0,0,0,0

[ACC_Z]
5=0,62,0,0,0,0,
7=0,808080,C1700000,41700000,0,
AL=1,0,0,1,1,1,1,0,0,0,0,1,1,1,1,1,0,0,0,0

[AMK_Actualvelocity_1]
5=0,71,0,0,0,0,
7=0,FF,0,46C35000,0,

[AMK_Torquecurrent_1]
5=0,62,0,0,0,0,
7=0,FF8000,C2C80000,42C80000,0,

[AMK_MagnetizingCurrent_1]
5=0,62,0,0,0,0,
7=0,FF,C2C80000,42C80000,0,

[AMK_ActualVelocity_3]
5=0,71,0,0,0,0,
7=0,FFFF80,0,46C35000,0,
AL=1,0,0,1,1,1,1,0,0,0,0,1,1,1,1,1,0,0,0,0

[AMK_TorqueCurrent_3]
5=0,62,0,0,0,0,
7=0,FF0000,C2C80000,42C80000,0,

[AMK_MagnetizingCurrent_3]
5=0,62,0,0,0,0,
7=0,FF0000,C2C80000,42C80000,0,

[AMK_TorqueCurrent_4]
5=0,62,0,0,0,0,
7=0,FF0000,C2C80000,42C80000,0,

[AMK_MagnetizingCurrent_4]
5=0,62,0,0,0,0,
7=0,FFFF00,C2C80000,42C80000,0,

[AMK_Torquecurrent_2]
5=0,62,0,0,0,0,
7=0,FF00,C2C80000,42C80000,0,

[AMK_MagnetizingCurrent_2]
5=0,62,0,0,0,0,
7=0,FF00,C2C80000,42C80000,0,

[AMK_TargetVelocity_3]
5=0,71,0,0,0,0,
7=0,FF0000,0,46C35000,0,

[AMK_TorqueLimitPositive_3]
5=0,52,0,0,0,0,
7=0,FF0000,C2C80000,42C80000,0,

[AMK_TorqueLimitNegative_3]
5=0,51,0,0,0,0,
7=0,FF0000,C2C80000,42C80000,0,

[AMK_Targetvelocity_1]
5=0,71,0,0,0,0,
7=0,FF,0,46C35000,0,

[AMK_TorqueLimitPositive_1]
5=0,52,0,0,0,0,
7=0,FF,C2C80000,42C80000,0,

[AMK_TorqueLimitNegative_1]
5=0,51,0,0,0,0,
7=0,FF,C2C80000,42C80000,0,

[AMK_Targetvelocity_2]
5=0,71,0,0,0,0,
7=0,FF00,0,46C35000,0,

[AMK_TorqueLimitPositive_2]
5=0,52,0,0,0,0,
7=0,FF00,C2C80000,42C80000,0,

[AMK_TorqueLimitNegative_2]
5=0,51,0,0,0,0,
7=0,FF00,C2C80000,42C80000,0,

[AMK_TargetVelocity_4]
5=0,71,0,0,0,0,
7=0,FFFF,0,46C35000,0,

[AMK_TorqueLimitPositive_4]
5=0,52,0,0,0,0,
7=0,FF,C2C80000,42C80000,0,

[AMK_TorqueLimitNegative_4]
5=0,51,0,0,0,0,
7=0,FF,C2C80000,42C80000,0,

[HV_Voltage_Before_&_After_AIRs_32BIT]
5=0,80,0,0,0,0,
7=4,FF0000,0,453B8000,0,
AL=1,0,0,1,1,1,1,0,0,0,0,1,1,1,1,1,0,0,0,0

[Brake_Position_32BIT]
5=0,80,0,0,0,0,
7=0,FFFF,0,4F9502F9,0,
AL=1,0,0,1,1,1,1,0,0,0,0,1,1,1,1,1,0,0,0,0

[Brake_Pressure_32BIT]
5=0,80,0,0,0,0,
7=0,FFFF,0,457FF000,0,

[Steering_Angle_2]
5=0,80,0,0,0,0,
7=0,FF,0,42C80000,0,
AL=1,0,0,1,1,1,1,0,0,0,0,1,1,1,1,1,0,0,0,0

[HV_Voltage_Before_AIRs]
5=0,80,0,0,0,0,
7=0,80FFFF,0,442F0000,0,
AL=1,0,0,1,1,1,1,0,0,0,0,1,1,1,1,1,0,0,0,0

[HV_Curr]
5=0,51,0,0,0,0,
7=0,FF0080,0,42C80000,0,
AL=1,0,0,1,1,1,1,0,0,0,0,1,1,1,1,1,0,0,0,0

[HV_Current_filtered]
5=0,51,0,0,0,0,
7=0,FFFFFF,0,42C80000,0,
AL=1,0,0,1,1,1,1,0,0,0,0,1,1,1,1,1,0,0,0,0

[Wheel_Travel_FL]
5=0,50,0,0,0,0,
7=0,FF,0,45800000,0,

[Wheel_Travel_FR]
5=0,50,0,0,0,0,
7=0,FF00,0,45800000,0,

[Wheel_Travel_RL]
5=0,71,0,0,0,0,
7=0,FF0000,0,45800000,0,

[Wheel_Travel_RR]
5=0,82,0,0,0,0,
7=0,FFFF,0,45800000,0,

[AMK_TempIGBT_1]
5=0,62,0,0,0,0,
7=0,FF,0,447A0000,0,

[AMK_TempIGBT_3]
5=0,62,0,0,0,0,
7=0,FF0000,0,447A0000,0,

[AMK_TempIGBT_4]
5=0,62,0,0,0,0,
7=0,FFFF,0,447A0000,0,

[AMK_TempIGBT_2]
5=0,62,0,0,0,0,
7=0,FF00,0,447A0000,0,

[HV_Voltage_Before_AIR]
5=0,80,0,0,0,0,
7=0,80FFFF,0,45DAC000,0,
AL=1,0,0,1,1,1,1,0,0,0,0,1,1,1,1,1,0,0,0,0

[HV_Voltage_After_AIR]
5=0,80,0,0,0,0,
7=0,0,0,45DAC000,0,
AL=1,0,0,1,1,1,1,0,0,0,0,1,1,1,1,1,0,0,0,0

[HV_Current_neg]
5=0,51,0,0,0,0,
7=0,FFFF,C2C80000,42C80000,0,
AL=1,0,0,1,1,1,1,0,0,0,0,1,1,1,1,1,0,0,0,0

[Wheelspeed_4]
5=0,71,0,0,0,0,
7=1,FFFF,0,42F00000,0,
AL=1,0,0,1,1,1,1,0,0,0,0,1,1,1,1,1,0,0,0,0

[WheelSpeed_average]
5=0,71,0,0,0,0,
7=1,80FF80,0,42C80000,0,
AL=1,0,0,1,1,1,1,0,0,0,0,1,1,1,1,1,0,0,0,0

[WheelSpeed_1]
5=0,71,0,0,0,0,
7=1,FF,0,42F00000,0,
AL=1,0,0,1,1,1,1,0,0,0,0,1,1,1,1,1,0,0,0,0

[WheelSpeed_3]
5=0,71,0,0,0,0,
7=1,FF8000,0,42F00000,0,
AL=1,0,0,1,1,1,1,0,0,0,0,1,1,1,1,1,0,0,0,0

[WheelSpeed_2]
5=0,71,0,0,0,0,
7=1,80FF00,0,42F00000,0,
AL=1,0,0,1,1,1,1,0,0,0,0,1,1,1,1,1,0,0,0,0

[SlipRatio_1_Traction]
AL=1,0,0,1,1,1,1,0,0,0,0,1,1,1,1,1,0,0,0,0
5=0,73,0,0,0,0,
7=8,FF,0,40000000,0,

[SlipRatio_2_Traction]
5=0,73,0,0,0,0,
7=8,80FF80,0,40000000,0,
AL=1,0,0,1,1,1,1,0,0,0,0,1,1,1,1,1,0,0,0,0

[SlipRatio_3_Traction]
5=0,73,0,0,0,0,
7=8,FF8000,0,40000000,0,
AL=1,0,0,1,1,1,1,0,0,0,0,1,1,1,1,1,0,0,0,0

[SlipRatio_4_Traction]
5=0,73,0,0,0,0,
7=8,FFFF,0,40000000,0,
AL=1,0,0,1,1,1,1,0,0,0,0,1,1,1,1,1,0,0,0,0

[SlipRatio_1_Braking]
5=0,71,0,0,0,0,
7=8,FF,C0000000,0,0,
AL=1,0,0,1,1,1,1,0,0,0,0,1,1,1,1,1,0,0,0,0

[SlipRatio_2_Braking]
5=0,71,0,0,0,0,
7=8,80FF80,C0000000,0,0,
AL=1,0,0,1,1,1,1,0,0,0,0,1,1,1,1,1,0,0,0,0

[SlipRatio_3_Braking]
5=0,71,0,0,0,0,
7=8,FF8000,C0000000,0,0,
AL=1,0,0,1,1,1,1,0,0,0,0,1,1,1,1,1,0,0,0,0

[SlipRatio_4_Braking]
5=0,71,0,0,0,0,
7=8,FFFF,C0000000,0,0,
AL=1,0,0,1,1,1,1,0,0,0,0,1,1,1,1,1,0,0,0,0

[INT_SlipRatio_2_Traction]
5=0,74,0,0,0,0,
7=8,80FF80,0,40A00000,0,
AL=1,0,0,1,1,1,1,0,0,0,0,1,1,1,1,1,0,0,0,0

[INT_SlipRatio_3_Traction]
5=0,74,0,0,0,0,
7=8,FF8000,0,40A00000,0,
AL=1,0,0,1,1,1,1,0,0,0,0,1,1,1,1,1,0,0,0,0

[INT_SlipRatio_4_Traction]
5=0,74,0,0,0,0,
7=8,FFFF,0,40A00000,0,
AL=1,0,0,1,1,1,1,0,0,0,0,1,1,1,1,1,0,0,0,0

[INT_SlipRatio_1_Traction]
5=0,74,0,0,0,0,
7=8,FF,0,40A00000,0,
AL=1,0,0,1,1,1,1,0,0,0,0,1,1,1,1,1,0,0,0,0

[INT_SlipRatio_1_Braking]
5=0,74,0,0,0,0,
7=8,FF,C2C80000,0,0,
AL=1,0,0,1,1,1,1,0,0,0,0,1,1,1,1,1,0,0,0,0

[INT_SlipRatio_2_Braking]
5=0,74,0,0,0,0,
7=8,80FF00,C2C80000,0,0,
AL=1,0,0,1,1,1,1,0,0,0,0,1,1,1,1,1,0,0,0,0

[INT_SlipRatio_3_Braking]
5=0,74,0,0,0,0,
7=8,FF8000,C2C80000,0,0,
AL=1,0,0,1,1,1,1,0,0,0,0,1,1,1,1,1,0,0,0,0

[INT_SlipRatio_4_Braking]
5=0,74,0,0,0,0,
7=8,FFFF,C2C80000,0,0,
AL=1,0,0,1,1,1,1,0,0,0,0,1,1,1,1,1,0,0,0,0

[A_Lat]
5=0,72,0,0,0,0,
7=2,0,C1A00000,41A00000,0,
AL=1,0,0,1,1,1,1,0,0,0,0,1,1,1,1,1,0,0,0,0

[b1]
5=0,80,0,0,0,0,
7=0,0,0,3F800000,0,
AL=1,0,0,1,1,1,1,0,0,0,0,1,1,1,1,1,0,0,0,0

[noBrake1]
5=0,80,0,0,0,0,
7=0,80FFFF,0,3F800000,0,
AL=1,0,0,1,1,1,1,0,0,0,0,1,1,1,1,1,0,0,0,0

[Long_Acceleration_From_WheelSpeed]
5=0,71,0,0,0,0,
7=2,0,C1200000,41200000,0,
AL=1,0,0,1,1,1,1,0,0,0,0,1,1,1,1,1,0,0,0,0

[A_Lon]
5=0,72,0,0,0,0,
7=2,FFFF80,C1A00000,41A00000,0,
AL=1,0,0,1,1,1,1,0,0,0,0,1,1,1,1,1,0,0,0,0
RL=0,0,0,0,20,-32.77,0,-20,0

[HV_Cell_Values]
5=0,80,0,0,0,0,
7=0,C080FF,0,42C80000,0,
AL=1,0,0,1,1,1,1,0,0,0,0,1,1,1,1,1,0,0,0,0

[Brake_Pressure_Front]
5=0,80,0,0,0,0,
7=0,0,0,44FA0000,0,
AL=1,0,0,1,1,1,1,0,0,0,0,1,1,1,1,1,0,0,0,0

[Brake_Pressure_Rear]
5=0,80,0,0,0,0,
7=0,0,0,44FA0000,0,
AL=1,0,0,1,1,1,1,0,0,0,0,1,1,1,1,1,0,0,0,0

[INT_Brake_Pressure_Front]
5=0,83,0,0,0,0,
7=0,FFFF,0,45034000,0,
AL=1,0,0,1,1,1,1,0,0,0,0,1,1,1,1,1,0,0,0,0

[Brake_Pressure_Front_Corrected]
5=0,83,0,0,0,0,
7=0,FFFF,0,41F00000,0,
AL=1,0,0,1,1,1,1,0,0,0,0,1,1,1,1,1,0,0,0,0

[Brake_Pressure_Rear_Raw]
5=0,80,0,0,0,0,
7=0,0,0,43FA0000,0,
AL=1,0,0,1,1,1,1,0,0,0,0,1,1,1,1,1,0,0,0,0

[INT_Brake_Pressure_Rear]
5=0,83,0,0,0,0,
7=0,808000,0,45034000,0,
AL=1,0,0,1,1,1,1,0,0,0,0,1,1,1,1,1,0,0,0,0

[Brake_Pressure_Rear_Corrected]
5=0,83,0,0,0,0,
7=0,808000,0,41F00000,0,
AL=1,0,0,1,1,1,1,0,0,0,0,1,1,1,1,1,0,0,0,0

[INT_Throttle]
5=0,83,0,0,0,0,
7=0,FFFF,0,44BB8000,0,
AL=1,0,0,1,1,1,1,0,0,0,0,1,1,1,1,1,0,0,0,0

[Damper_Velocity_1]
5=0,50,0,0,0,0,
7=0,0,C2200000,42200000,0,
AL=1,0,0,1,1,1,1,0,0,0,0,1,1,1,1,1,0,0,0,0

[Damper_Velocity_2]
5=0,50,0,0,0,0,
7=0,0,C2200000,42200000,0,
AL=1,0,0,1,1,1,1,0,0,0,0,1,1,1,1,1,0,0,0,0

[Damper_Velocity_3]
5=0,71,0,0,0,0,
7=0,0,C2200000,42200000,0,
AL=1,0,0,1,1,1,1,0,0,0,0,1,1,1,1,1,0,0,0,0

[Damper_Velocity_4]
5=0,82,0,0,0,0,
7=0,0,C2200000,42200000,0,
AL=1,0,0,1,1,1,1,0,0,0,0,1,1,1,1,1,0,0,0,0

[Coast]
5=0,80,0,0,0,0,
7=0,408080,0,40000000,0,
AL=1,0,0,1,1,1,1,0,0,0,0,1,1,1,1,1,0,0,0,0

[INT_Coast]
5=0,83,0,0,0,0,
7=0,FF,0,44160000,0,
AL=1,0,0,1,1,1,1,0,0,0,0,1,1,1,1,1,0,0,0,0

[VehicleSpeed]
5=0,71,0,0,0,0,
7=1,400080,0,42F00000,0,
AL=1,0,0,1,1,1,1,0,0,0,0,1,1,1,1,1,0,0,0,0

[PitchAngle]
5=0,82,0,0,0,0,
7=0,4080FF,C1200000,41200000,0,
AL=1,0,0,1,1,1,1,0,0,0,0,1,1,1,1,1,0,0,0,0

[ThrottleSteering]
5=0,80,0,0,0,0,
7=0,FF0080,0,457A0000,0,
AL=1,0,0,1,1,1,1,0,0,0,0,1,1,1,1,1,0,0,0,0

[Steering_Angle_1]
5=0,82,0,0,0,0,
7=0,FF00,0,42C80000,0,
AL=1,0,0,1,1,1,1,0,0,0,0,1,1,1,1,1,0,0,0,0

[Roll_Angle_Front]
5=0,50,0,0,0,0,
7=0,FF,0,3F800000,0,
AL=1,0,0,1,1,1,1,0,0,0,0,1,1,1,1,1,0,0,0,0

[Roll_Angle_Rear]
5=0,71,0,0,0,0,
7=0,FF0000,0,3F800000,0,
AL=1,0,0,1,1,1,1,0,0,0,0,1,1,1,1,1,0,0,0,0

[AccY2]
AL=1,0,0,1,1,1,1,0,0,0,0,1,1,1,1,1,0,0,0,0
5=0,80,0,0,0,0,
7=0,80FF,C1A00000,41A00000,0,

[Roll_Angle]
5=0,71,0,0,0,0,
7=0,0,0,3F800000,0,
AL=1,0,0,1,1,1,1,0,0,0,0,1,1,1,1,1,0,0,0,0

[Ride_Height_Front]
5=0,50,0,0,0,0,
7=0,FF,0,42C80000,0,
AL=1,0,0,1,1,1,1,0,0,0,0,1,1,1,1,1,0,0,0,0

[Ride_Height_Rear]
5=0,82,0,0,0,0,
7=0,800080,0,42C80000,0,
AL=1,0,0,1,1,1,1,0,0,0,0,1,1,1,1,1,0,0,0,0

[Fz_1]
5=0,80,0,0,0,0,
7=0,FF,0,459C4000,0,
AL=1,0,0,1,1,1,1,0,0,0,0,1,1,1,1,1,0,0,0,0

[Fz_2]
5=0,80,0,0,0,0,
7=0,FF80,0,459C4000,0,
AL=1,0,0,1,1,1,1,0,0,0,0,1,1,1,1,1,0,0,0,0

[Fz_3]
5=0,80,0,0,0,0,
7=0,FF8000,0,459C4000,0,
AL=1,0,0,1,1,1,1,0,0,0,0,1,1,1,1,1,0,0,0,0

[Fz_4]
5=0,80,0,0,0,0,
7=0,FFFF,0,459C4000,0,
AL=1,0,0,1,1,1,1,0,0,0,0,1,1,1,1,1,0,0,0,0

[Damper_Travel_FL]
5=0,52,0,0,0,0,
7=0,FF,C1700000,41C80000,0,
AL=1,0,0,1,1,1,1,0,0,0,0,1,1,1,1,1,0,0,0,0

[Damper_Travel_FR]
5=0,52,0,0,0,0,
7=0,FF80,C1700000,41C80000,0,
AL=1,0,0,1,1,1,1,0,0,0,0,1,1,1,1,1,0,0,0,0

[Damper_Travel_RL]
5=0,72,0,0,0,0,
7=0,FF8000,C1700000,41C80000,0,
AL=1,0,0,1,1,1,1,0,0,0,0,1,1,1,1,1,0,0,0,0

[Damper_Travel_RR]
5=0,82,0,0,0,0,
7=0,FFFF,C1700000,41C80000,0,
AL=1,0,0,1,1,1,1,0,0,0,0,1,1,1,1,1,0,0,0,0

[Acceleration_X_Front]
5=0,85,0,0,0,0,
7=0,4080FF,C0400000,40400000,0,
AL=1,0,0,1,1,1,1,0,0,0,0,1,1,1,1,1,0,0,0,0

[Acceleration_Y_Front]
5=0,80,0,0,0,0,
7=0,40FF00,C0400000,40400000,0,
AL=1,0,0,1,1,1,1,0,0,0,0,1,1,1,1,1,0,0,0,0

[Acceleration_Z_Front]
5=0,82,0,0,0,0,
7=0,0,C0400000,40400000,0,
AL=1,0,0,1,1,1,1,0,0,0,0,1,1,1,1,1,0,0,0,0

[Acceleration_X_Front_Filtered]
5=0,84,0,0,0,0,
7=0,0,C0400000,40400000,0,
AL=1,0,0,1,1,1,1,0,0,0,0,1,1,1,1,1,0,0,0,0

[Acceleration_Y_Front_Filtered]
5=0,84,0,0,0,0,
7=0,FF,C0400000,40400000,0,
AL=1,0,0,1,1,1,1,0,0,0,0,1,1,1,1,1,0,0,0,0

[Acceleration_Z_Front_Filtered]
5=0,82,0,0,0,0,
7=0,0,C0400000,40400000,0,
AL=1,0,0,1,1,1,1,0,0,0,0,1,1,1,1,1,0,0,0,0

[Acceleration_X_Rear]
5=0,80,0,0,0,0,
7=0,0,C0400000,40400000,0,
AL=1,0,0,1,1,1,1,0,0,0,0,1,1,1,1,1,0,0,0,0

[Acceleration_Y_Rear]
5=0,80,0,0,0,0,
7=0,0,C0400000,40400000,0,
AL=1,0,0,1,1,1,1,0,0,0,0,1,1,1,1,1,0,0,0,0

[Acceleration_Z_Rear]
5=0,80,0,0,0,0,
7=0,0,C0400000,40400000,0,
AL=1,0,0,1,1,1,1,0,0,0,0,1,1,1,1,1,0,0,0,0

[Acceleration_X_Rear_Filtered]
5=0,80,0,0,0,0,
7=0,0,C0400000,40400000,0,
AL=1,0,0,1,1,1,1,0,0,0,0,1,1,1,1,1,0,0,0,0

[Acceleration_Y_Rear_Filtered]
5=0,80,0,0,0,0,
7=0,0,C0400000,40400000,0,
AL=1,0,0,1,1,1,1,0,0,0,0,1,1,1,1,1,0,0,0,0

[Acceleration_Z_Rear_Filtered]
5=0,80,0,0,0,0,
7=0,0,C0400000,40400000,0,
AL=1,0,0,1,1,1,1,0,0,0,0,1,1,1,1,1,0,0,0,0

[YawRate]
5=0,72,0,0,0,0,
7=0,0,0,42C80000,0,

[LapGps]
5=0,82,0,0,0,0,
7=0,0,0,42C80000,0,

[LapAdc]
5=0,82,0,0,0,0,
7=0,0,0,42C80000,0,

[Temp]
5=0,62,0,0,0,0,
7=0,0,0,42C80000,0,

[HV_Current_AUX1]
5=0,71,0,0,0,0,
7=0,0,0,42C80000,0,

[Discharge_Res_Temp]
5=0,62,0,0,0,0,
7=0,FF0080,0,42C80000,0,

[AMK_Status_3]
5=0,80,0,0,0,0,
7=0,FF8000,0,42C80000,0,

[AMK_Status_1]
5=0,80,0,0,0,0,
7=0,FF,0,42C80000,0,

[AMK_TempMotor_1]
5=0,51,0,0,0,0,
7=0,FF,0,42C80000,0,

[AMK_TempInverter_1]
5=0,51,0,0,0,0,
7=0,FF,0,42C80000,0,

[AMK_Errorinfo_1]
5=0,50,0,0,0,0,
7=0,FF,0,42C80000,0,

[AMK_Status_2]
5=0,80,0,0,0,0,
7=0,FF00,0,42C80000,0,

[AMK_TempMotor_3]
5=0,51,0,0,0,0,
7=0,FF0000,0,42C80000,0,

[AMK_TempInverter_3]
5=0,51,0,0,0,0,
7=0,FF0000,0,42C80000,0,

[AMK_ErrorInfo_3]
5=0,50,0,0,0,0,
7=0,FF0000,0,42C80000,0,

[AMK_Status_4]
5=0,80,0,0,0,0,
7=0,FFFF,0,42C80000,0,

[AMK_TempMotor_4]
5=0,51,0,0,0,0,
7=0,FFFF,0,42C80000,0,

[AMK_TempInverter_4]
5=0,51,0,0,0,0,
7=0,FFFF,0,42C80000,0,

[AMK_ErrorInfo_4]
5=0,50,0,0,0,0,
7=0,FFFF,0,42C80000,0,

[AMK_Control_3]
5=0,51,0,0,0,0,
7=0,FF0000,0,42C80000,0,

[AMK_TempMotor_2]
5=0,51,0,0,0,0,
7=0,FF00,0,42C80000,0,

[AMK_TempInverter_2]
5=0,51,0,0,0,0,
7=0,FF00,0,42C80000,0,

[AMK_Errorinfo_2]
5=0,50,0,0,0,0,
7=0,FF00,0,42C80000,0,

[AMK_Control_1]
5=0,51,0,0,0,0,
7=0,FF,0,42C80000,0,

[AMK_Control_2]
5=0,51,0,0,0,0,
7=0,FF00,0,42C80000,0,

[AMK_Control_4]
5=0,51,0,0,0,0,
7=0,FFFF,0,42C80000,0,

[_TARTALEK_32BIT]
5=0,80,0,0,0,0,
7=0,FF00,0,42C80000,0,

[_TARTALEK_32BIT106]
5=0,80,0,0,0,0,
7=0,40FF00,0,42C80000,0,

[MCU_Support_Status]
5=0,82,0,0,0,0,
7=0,0,0,42C80000,0,

[PDM_Status_1_32BIT]
5=0,80,0,0,0,0,
7=0,FF00,0,42C80000,0,

[LV_Cell_Values_1_32BIT]
5=0,80,0,0,0,0,
7=0,FFFF,0,42C80000,0,

[LV_Cell_Values_2_32BIT]
5=0,80,0,0,0,0,
7=0,FFFF,0,42C80000,0,

[TCU_Status_11_32BIT]
5=0,80,0,0,0,0,
7=0,FF00,0,42C80000,0,

[TCU_Status_12_32BIT]
5=0,80,0,0,0,0,
7=0,FF00,0,42C80000,0,

[PDM_Status_2_32BIT]
5=0,80,0,0,0,0,
7=0,FF00,0,42C80000,0,

[MCU_Radiator_Temp_Left_In_&_Ou]
5=0,80,0,0,0,0,
7=0,0,0,42C80000,0,

[ACCEL1_1_32BIT]
5=0,80,0,0,0,0,
7=0,FF0000,0,42C80000,0,

[ACCEL1_2_32_BIT]
5=0,80,0,0,0,0,
7=0,FF00,0,42C80000,0,

[ACCEL2_1_32_BIT]
5=0,80,0,0,0,0,
7=0,FFFF,0,42C80000,0,

[ACCEL2_2_32BIT]
5=0,80,0,0,0,0,
7=0,40FF00,0,42C80000,0,

[ACCEL3_1_32_BIT]
5=0,80,0,0,0,0,
7=0,FF00,0,42C80000,0,

[ACCEL3_2_32BIT]
5=0,82,0,0,0,0,
7=0,808080,0,42C80000,0,

[Motor_Front_Radiator _Temp_Rig]
5=0,80,0,0,0,0,
7=0,0,0,42C80000,0,

[ACCEL1_REAR_1_32BIT]
5=0,80,0,0,0,0,
7=0,FF00,0,42C80000,0,

[ACCEL1_REAR_2_32BIT]
5=0,80,0,0,0,0,
7=0,FF00,0,42C80000,0,

[ACCEL2_REAR_1_32BIT]
5=0,80,0,0,0,0,
7=0,FF00,0,42C80000,0,

[ACCEL2_REAR_2_32BIT]
5=0,80,0,0,0,0,
7=0,FF00,0,42C80000,0,

[ACCEL3_REAR_1_32_BIT]
5=0,80,0,0,0,0,
7=0,FF00,0,42C80000,0,

[ACCEL3_REAR_2_32BIT]
5=0,80,0,0,0,0,
7=0,FF00,0,42C80000,0,

[LV_Main_Voltage_&_Current_32BIT]
5=0,80,0,0,0,0,
7=0,FF00,0,42C80000,0,

[Throttle_Steering_1_32BIT]
5=0,80,0,0,0,0,
7=0,FF00,0,42C80000,0,

[Throttle_Steering_2_32BIT]
5=0,80,0,0,0,0,
7=0,40FF00,0,42C80000,0,

[TCUStatus1_2]
5=0,A0,0,0,0,0,
7=0,0,0,42C80000,0,

[TCUStatus2]
5=0,A0,0,0,0,0,
7=0,0,0,42C80000,0,

[PL_Enabled]
5=0,10,0,0,0,0,
7=0,0,0,42C80000,0,

[Brake_Plausibility]
5=0,80,0,0,0,0,
7=0,0,0,42C80000,0,

[Brake_Position_1]
5=0,80,0,0,0,0,
7=0,FF,0,42C80000,0,
AL=1,0,0,1,1,1,1,0,0,0,0,1,1,1,1,1,0,0,0,0

[Brake_Position_2]
5=0,80,0,0,0,0,
7=0,FFFF00,0,42C80000,0,
AL=1,0,0,1,1,1,1,0,0,0,0,1,1,1,1,1,0,0,0,0

[Brake_Pr_Front_Validity]
5=0,80,0,0,0,0,
7=0,0,0,42C80000,0,

[Brake_Pressure_Front_Raw]
5=0,80,0,0,0,0,
7=0,0,0,42C80000,0,

[Brake_Pr_Rear_Validity]
5=0,80,0,0,0,0,
7=0,0,0,42C80000,0,

[Throttle_Plausibility]
5=0,80,0,0,0,0,
7=0,0,0,42C80000,0,

[Throttle_Position_1]
5=0,80,0,0,0,0,
7=0,80FF,0,42C80000,0,
AL=1,0,0,1,1,1,1,0,0,0,0,1,1,1,1,1,0,0,0,0

[Throttle_Position_2]
5=0,80,0,0,0,0,
7=0,80FF,0,42C80000,0,
AL=1,0,0,1,1,1,1,0,0,0,0,1,1,1,1,1,0,0,0,0

[Steering_Angle_Plausibility]
5=0,80,0,0,0,0,
7=0,0,0,42C80000,0,

[Steering_Angle_Derivate_1]
5=0,80,0,0,0,0,
7=0,0,0,42C80000,0,

[Steering_Angle_Derivate_2]
5=0,80,0,0,0,0,
7=0,0,0,42C80000,0,

[AMK_TorqueLimit_1]
5=0,51,0,0,0,0,
7=0,0,0,42C80000,0,

[AMK_TorqueLimit_2]
5=0,51,0,0,0,0,
7=0,0,0,42C80000,0,

[AMK_TorqueLimit_3]
5=0,51,0,0,0,0,
7=0,0,0,42C80000,0,

[AMK_TorqueLimit_4]
5=0,51,0,0,0,0,
7=0,0,0,42C80000,0,

[AMK_TorqueLimit]
5=0,51,0,0,0,0,
7=0,0,0,42C80000,0,

[AMK_TorqueLimitDerivate]
5=0,51,0,0,0,0,
7=0,0,0,42C80000,0,

[AMK_ActualVelocity]
5=0,71,0,0,0,0,
7=0,0,0,42C80000,0,

[HV_Current_signaled]
5=0,51,0,0,0,0,
7=0,0,C1F00000,42C80000,0,
AL=1,0,0,1,1,1,1,0,0,0,0,1,1,1,1,1,0,0,0,0

[Capacity]
5=0,51,0,0,0,0,
7=0,0,0,42C80000,0,

[CapacityTotal]
5=0,51,0,0,0,0,
7=0,0,0,42C80000,0,

[Power_Electric]
5=0,51,0,0,0,0,
7=0,808000,C1F00000,42B40000,0,
AL=1,0,0,1,1,1,1,0,0,0,0,1,1,1,1,1,0,0,0,0
RL=0,0,0,0,80,0,0,0,0

[Power_Regenerative_EM]
5=0,51,0,0,0,0,
7=0,0,0,42C80000,0,

[Power_Electric_EM]
5=0,51,0,0,0,0,
7=0,0,0,42C80000,0,

[Energy_Electric_EM]
5=0,51,0,0,0,0,
7=0,0,0,42C80000,0,

[Energy_Electric_EM_Total]
5=0,51,0,0,0,0,
7=0,0,0,42C80000,0,

[Energy_Electric]
5=0,51,0,0,0,0,
7=0,FF,0,42C80000,0,
AL=1,0,0,1,1,1,1,0,0,0,0,1,1,1,1,1,0,0,0,0

[Energy_Electric_Total]
5=0,51,0,0,0,0,
7=0,0,0,42C80000,0,

[TotalRegen1]
5=0,62,0,0,0,0,
7=0,0,0,42C80000,0,

[TotalRegen2]
5=0,62,0,0,0,0,
7=0,0,0,42C80000,0,

[TotalRegen3]
5=0,62,0,0,0,0,
7=0,0,0,42C80000,0,

[TotalRegen4]
5=0,62,0,0,0,0,
7=0,0,0,42C80000,0,

[TotalRegen]
5=0,62,0,0,0,0,
7=0,0,0,42C80000,0,

[V_GPS_Max]
5=0,62,0,0,0,0,
7=0,0,0,42C80000,0,

[Roll_Rate_Front]
5=0,80,0,0,0,0,
7=0,0,0,42C80000,0,

[Yaw_Rate_Front]
5=0,80,0,0,0,0,
7=0,0,0,42C80000,0,

[Roll_Rate_Rear]
5=0,80,0,0,0,0,
7=0,0,0,42C80000,0,

[Yaw_Rate_Rear]
5=0,80,0,0,0,0,
7=0,0,0,42C80000,0,

[Yaw_Rate_Filtered]
5=0,80,0,0,0,0,
7=0,0,0,42C80000,0,

[AccX2]
5=0,80,0,0,0,0,
7=0,0,0,42C80000,0,

[AccZ2]
5=0,80,0,0,0,0,
7=0,0,0,42C80000,0,

[Roll]
5=0,80,0,0,0,0,
7=0,0,0,42C80000,0,

[INT_ThrottleSteeering]
5=0,80,0,0,0,0,
7=0,0,0,47C35000,0,
AL=1,0,0,1,1,1,1,0,0,0,0,1,1,1,1,1,0,0,0,0

[INT_ThrottleSteering]
5=0,80,0,0,0,0,
7=0,80FF,0,47435000,0,
AL=1,0,0,1,1,1,1,0,0,0,0,1,1,1,1,1,0,0,0,0

[TurnRadius]
5=0,71,0,0,0,0,
7=0,0,0,3DCCCCCD,0,
AL=1,0,0,1,1,1,1,0,0,0,0,1,1,1,1,1,0,0,0,0

[Curvature]
5=0,71,0,0,0,0,
7=0,0,BF000000,3F000000,0,
AL=1,0,0,1,1,1,1,0,0,0,0,1,1,1,1,1,0,0,0,0

[Accel3]
5=0,71,0,0,0,0,
7=0,0,0,42C80000,0,
RL=0,0,0,0,15,0,0,0,0
AL=1,0,0,1,1,1,1,0,0,0,0,1,1,1,1,1,0,0,0,0

[INT_OS_US]
5=0,80,0,0,0,0,
7=0,0,0,C7435000,0,
AL=1,0,0,1,1,1,1,0,0,0,0,1,1,1,1,1,0,0,0,0

[Energy_Useful]
5=0,71,0,0,0,0,
7=0,0,0,461C4000,0,
AL=1,0,0,1,1,1,1,0,0,0,0,1,1,1,1,1,0,0,0,0

[Energy_Kinetic]
AL=1,0,0,1,1,1,1,0,0,0,0,1,1,1,1,1,0,0,0,0

[RPM_Max]
5=0,50,0,0,0,0,
7=0,0,459C4000,468CA000,0,

[RPM_Min]
5=0,50,0,0,0,0,
7=0,0,459C4000,468CA000,0,

[PRR1]
5=0,83,0,0,0,0,
7=0,0,0,42C80000,0,
AL=1,0,0,1,1,1,1,0,0,1,0,1,1,1,1,1,0,0,0,0

[P_motor_1]
5=0,52,0,0,0,0,
7=0,FF,0,47C35000,0,
AL=1,0,0,1,1,1,1,0,0,0,0,1,1,1,1,1,0,0,0,0

[P_motor_2]
5=0,52,0,0,0,0,
7=0,FF00,0,47C35000,0,
AL=1,0,0,1,1,1,1,0,0,0,0,1,1,1,1,1,0,0,0,0

[P_motor_3]
5=0,52,0,0,0,0,
7=0,FF8000,0,47C35000,0,
AL=1,0,0,1,1,1,1,0,0,0,0,1,1,1,1,1,0,0,0,0

[P_motor_4]
5=0,52,0,0,0,0,
7=0,FFFF,0,47C35000,0,
AL=1,0,0,1,1,1,1,0,0,0,0,1,1,1,1,1,0,0,0,0

[Motor_Efficiency]
5=0,54,0,0,0,0,
7=0,0,0,3F800000,0,
AL=1,0,0,1,1,1,1,0,0,0,0,1,1,1,1,1,0,0,0,0

[Dist]
5=0,71,0,0,0,0,
7=0,8000FF,0,42C80000,0,
AL=1,0,0,1,1,1,1,0,0,0,0,1,1,1,1,1,0,0,0,0

[INT_SteeringAngle]
5=0,83,0,0,0,0,
7=0,0,0,42C80000,0,
AL=1,0,0,1,1,1,1,0,0,0,0,1,1,1,1,1,0,0,0,0

[Id1]
5=0,64,0,0,0,0,
7=0,0,0,42C80000,0,
AL=1,0,0,1,1,1,1,0,0,0,0,1,1,1,1,1,0,0,0,0

[Id2]
5=0,64,0,0,0,0,
7=0,0,0,42C80000,0,
AL=1,0,0,1,1,1,1,0,0,0,0,1,1,1,1,1,0,0,0,0

[Id3]
5=0,64,0,0,0,0,
7=0,0,0,42C80000,0,
AL=1,0,0,1,1,1,1,0,0,0,0,1,1,1,1,1,0,0,0,0

[Id4]
5=0,64,0,0,0,0,
7=0,0,0,42C80000,0,
AL=1,0,0,1,1,1,1,0,0,0,0,1,1,1,1,1,0,0,0,0

[HV_Cell_Voltage_S4M5C3]
5=0,80,0,0,0,0,
7=0,0,45480000,45834000,0,
AL=1,0,0,1,1,1,1,0,0,0,0,1,1,1,1,1,0,0,0,0

[HV_Cell_Voltage_S2M1C2]
5=0,80,0,0,0,0,
7=0,0,45480000,45834000,0,
AL=1,0,0,1,1,1,1,0,0,0,0,1,1,1,1,1,0,0,0,0

[HV_Cell_Voltage_S2M1C1]
5=0,80,0,0,0,0,
7=0,0,45480000,45834000,0,
AL=1,0,0,1,1,1,1,0,0,0,0,1,1,1,1,1,0,0,0,0

[HV_Cell_Voltage_S1M6C4]
5=0,80,0,0,0,0,
7=0,0,45480000,45834000,0,
AL=1,0,0,1,1,1,1,0,0,0,0,1,1,1,1,1,0,0,0,0

[HV_Cell_Voltage_S1M6C3]
5=0,80,0,0,0,0,
7=0,0,45480000,45834000,0,
AL=1,0,0,1,1,1,1,0,0,0,0,1,1,1,1,1,0,0,0,0

[HV_Cell_Voltage_S1M6C2]
5=0,80,0,0,0,0,
7=0,0,45480000,45834000,0,
AL=1,0,0,1,1,1,1,0,0,0,0,1,1,1,1,1,0,0,0,0

[HV_Cell_Voltage_S1M6C1]
5=0,80,0,0,0,0,
7=0,0,45480000,45834000,0,
AL=1,0,0,1,1,1,1,0,0,0,0,1,1,1,1,1,0,0,0,0

[HV_Cell_Voltage_S1M5C4]
5=0,80,0,0,0,0,
7=0,0,45480000,45834000,0,
AL=1,0,0,1,1,1,1,0,0,0,0,1,1,1,1,1,0,0,0,0

[HV_Cell_Voltage_S1M5C3]
5=0,80,0,0,0,0,
7=0,0,45480000,45834000,0,
AL=1,0,0,1,1,1,1,0,0,0,0,1,1,1,1,1,0,0,0,0

[HV_Cell_Voltage_S1M5C2]
5=0,80,0,0,0,0,
7=0,0,45480000,45834000,0,
AL=1,0,0,1,1,1,1,0,0,0,0,1,1,1,1,1,0,0,0,0

[HV_Cell_Voltage_S1M5C1]
5=0,80,0,0,0,0,
7=0,0,45480000,45834000,0,
AL=1,0,0,1,1,1,1,0,0,0,0,1,1,1,1,1,0,0,0,0

[HV_Cell_Voltage_S1M4C4]
5=0,80,0,0,0,0,
7=0,0,45480000,45834000,0,
AL=1,0,0,1,1,1,1,0,0,0,0,1,1,1,1,1,0,0,0,0

[HV_Cell_Voltage_S1M4C3]
5=0,80,0,0,0,0,
7=0,0,45480000,45834000,0,
AL=1,0,0,1,1,1,1,0,0,0,0,1,1,1,1,1,0,0,0,0

[HV_Cell_Voltage_S1M4C2]
5=0,80,0,0,0,0,
7=0,0,45480000,45834000,0,
AL=1,0,0,1,1,1,1,0,0,0,0,1,1,1,1,1,0,0,0,0

[HV_Cell_Voltage_S1M4C1]
5=0,80,0,0,0,0,
7=0,0,45480000,45834000,0,
AL=1,0,0,1,1,1,1,0,0,0,0,1,1,1,1,1,0,0,0,0

[HV_Cell_Voltage_S6M6C4]
5=0,80,0,0,0,0,
7=0,0,45480000,45834000,0,
AL=1,0,0,1,1,1,1,0,0,0,0,1,1,1,1,1,0,0,0,0

[HV_Cell_Voltage_S6M6C3]
5=0,80,0,0,0,0,
7=0,0,45480000,45834000,0,
AL=1,0,0,1,1,1,1,0,0,0,0,1,1,1,1,1,0,0,0,0

[HV_Cell_Voltage_S6M6C2]
5=0,80,0,0,0,0,
7=0,0,45480000,45834000,0,
AL=1,0,0,1,1,1,1,0,0,0,0,1,1,1,1,1,0,0,0,0

[HV_Cell_Voltage_S6M6C1]
5=0,80,0,0,0,0,
7=0,0,45480000,45834000,0,
AL=1,0,0,1,1,1,1,0,0,0,0,1,1,1,1,1,0,0,0,0

[HV_Cell_Voltage_S6M5C4]
5=0,80,0,0,0,0,
7=0,0,45480000,45834000,0,
AL=1,0,0,1,1,1,1,0,0,0,0,1,1,1,1,1,0,0,0,0

[HV_Cell_Voltage_S6M5C3]
5=0,80,0,0,0,0,
7=0,0,45480000,45834000,0,
AL=1,0,0,1,1,1,1,0,0,0,0,1,1,1,1,1,0,0,0,0

[HV_Cell_Voltage_S6M5C2]
5=0,80,0,0,0,0,
7=0,0,45480000,45834000,0,
AL=1,0,0,1,1,1,1,0,0,0,0,1,1,1,1,1,0,0,0,0

[HV_Cell_Voltage_S6M5C1]
5=0,80,0,0,0,0,
7=0,0,45480000,45834000,0,
AL=1,0,0,1,1,1,1,0,0,0,0,1,1,1,1,1,0,0,0,0

[HV_Cell_Voltage_S6M4C4]
5=0,80,0,0,0,0,
7=0,0,45480000,45834000,0,
AL=1,0,0,1,1,1,1,0,0,0,0,1,1,1,1,1,0,0,0,0

[HV_Cell_Voltage_S6M4C3]
5=0,80,0,0,0,0,
7=0,0,45480000,45834000,0,
AL=1,0,0,1,1,1,1,0,0,0,0,1,1,1,1,1,0,0,0,0

[HV_Cell_Voltage_S6M4C2]
5=0,80,0,0,0,0,
7=0,0,45480000,45834000,0,
AL=1,0,0,1,1,1,1,0,0,0,0,1,1,1,1,1,0,0,0,0

[HV_Cell_Voltage_S6M4C1]
5=0,80,0,0,0,0,
7=0,0,45480000,45834000,0,
AL=1,0,0,1,1,1,1,0,0,0,0,1,1,1,1,1,0,0,0,0

[HV_Cell_Voltage_S6M3C4]
5=0,80,0,0,0,0,
7=0,0,45480000,45834000,0,
AL=1,0,0,1,1,1,1,0,0,0,0,1,1,1,1,1,0,0,0,0

[HV_Cell_Voltage_S6M3C3]
5=0,80,0,0,0,0,
7=0,0,45480000,45834000,0,
AL=1,0,0,1,1,1,1,0,0,0,0,1,1,1,1,1,0,0,0,0

[HV_Cell_Voltage_S6M3C2]
5=0,80,0,0,0,0,
7=0,0,45480000,45834000,0,
AL=1,0,0,1,1,1,1,0,0,0,0,1,1,1,1,1,0,0,0,0

[HV_Cell_Voltage_S6M3C1]
5=0,80,0,0,0,0,
7=0,0,45480000,45834000,0,
AL=1,0,0,1,1,1,1,0,0,0,0,1,1,1,1,1,0,0,0,0

[HV_Cell_Voltage_S6M2C4]
5=0,80,0,0,0,0,
7=0,0,45480000,45834000,0,
AL=1,0,0,1,1,1,1,0,0,0,0,1,1,1,1,1,0,0,0,0

[HV_Cell_Voltage_S6M2C3]
5=0,80,0,0,0,0,
7=0,0,45480000,45834000,0,
AL=1,0,0,1,1,1,1,0,0,0,0,1,1,1,1,1,0,0,0,0

[HV_Cell_Voltage_S6M2C2]
5=0,80,0,0,0,0,
7=0,0,45480000,45834000,0,
AL=1,0,0,1,1,1,1,0,0,0,0,1,1,1,1,1,0,0,0,0

[HV_Cell_Voltage_S6M2C1]
5=0,80,0,0,0,0,
7=0,0,45480000,45834000,0,
AL=1,0,0,1,1,1,1,0,0,0,0,1,1,1,1,1,0,0,0,0

[HV_Cell_Voltage_S6M1C4]
5=0,80,0,0,0,0,
7=0,0,45480000,45834000,0,
AL=1,0,0,1,1,1,1,0,0,0,0,1,1,1,1,1,0,0,0,0

[HV_Cell_Voltage_S6M1C3]
5=0,80,0,0,0,0,
7=0,0,45480000,45834000,0,
AL=1,0,0,1,1,1,1,0,0,0,0,1,1,1,1,1,0,0,0,0

[HV_Cell_Voltage_S6M1C2]
5=0,80,0,0,0,0,
7=0,0,45480000,45834000,0,
AL=1,0,0,1,1,1,1,0,0,0,0,1,1,1,1,1,0,0,0,0

[HV_Cell_Voltage_S6M1C1]
5=0,80,0,0,0,0,
7=0,0,45480000,45834000,0,
AL=1,0,0,1,1,1,1,0,0,0,0,1,1,1,1,1,0,0,0,0

[HV_Cell_Voltage_S5M6C4]
5=0,80,0,0,0,0,
7=0,0,45480000,45834000,0,
AL=1,0,0,1,1,1,1,0,0,0,0,1,1,1,1,1,0,0,0,0

[HV_Cell_Voltage_S5M6C3]
5=0,80,0,0,0,0,
7=0,0,45480000,45834000,0,
AL=1,0,0,1,1,1,1,0,0,0,0,1,1,1,1,1,0,0,0,0

[HV_Cell_Voltage_S5M6C2]
5=0,80,0,0,0,0,
7=0,0,45480000,45834000,0,
AL=1,0,0,1,1,1,1,0,0,0,0,1,1,1,1,1,0,0,0,0

[HV_Cell_Voltage_S5M6C1]
5=0,80,0,0,0,0,
7=0,0,45480000,45834000,0,
AL=1,0,0,1,1,1,1,0,0,0,0,1,1,1,1,1,0,0,0,0

[HV_Cell_Voltage_S5M5C4]
5=0,80,0,0,0,0,
7=0,0,45480000,45834000,0,
AL=1,0,0,1,1,1,1,0,0,0,0,1,1,1,1,1,0,0,0,0

[HV_Cell_Voltage_S5M5C3]
5=0,80,0,0,0,0,
7=0,0,45480000,45834000,0,
AL=1,0,0,1,1,1,1,0,0,0,0,1,1,1,1,1,0,0,0,0

[HV_Cell_Voltage_S5M5C2]
5=0,80,0,0,0,0,
7=0,0,45480000,45834000,0,
AL=1,0,0,1,1,1,1,0,0,0,0,1,1,1,1,1,0,0,0,0

[HV_Cell_Voltage_S5M5C1]
5=0,80,0,0,0,0,
7=0,0,45480000,45834000,0,
AL=1,0,0,1,1,1,1,0,0,0,0,1,1,1,1,1,0,0,0,0

[HV_Cell_Voltage_S5M4C4]
5=0,80,0,0,0,0,
7=0,0,45480000,45834000,0,
AL=1,0,0,1,1,1,1,0,0,0,0,1,1,1,1,1,0,0,0,0

[HV_Cell_Voltage_S5M4C3]
5=0,80,0,0,0,0,
7=0,0,45480000,45834000,0,
AL=1,0,0,1,1,1,1,0,0,0,0,1,1,1,1,1,0,0,0,0

[HV_Cell_Voltage_S5M4C2]
5=0,80,0,0,0,0,
7=0,0,45480000,45834000,0,
AL=1,0,0,1,1,1,1,0,0,0,0,1,1,1,1,1,0,0,0,0

[HV_Cell_Voltage_S5M4C1]
5=0,80,0,0,0,0,
7=0,0,45480000,45834000,0,
AL=1,0,0,1,1,1,1,0,0,0,0,1,1,1,1,1,0,0,0,0

[HV_Cell_Voltage_S5M3C4]
5=0,80,0,0,0,0,
7=0,0,45480000,45834000,0,
AL=1,0,0,1,1,1,1,0,0,0,0,1,1,1,1,1,0,0,0,0

[HV_Cell_Voltage_S5M3C3]
5=0,80,0,0,0,0,
7=0,0,45480000,45834000,0,
AL=1,0,0,1,1,1,1,0,0,0,0,1,1,1,1,1,0,0,0,0

[HV_Cell_Voltage_S5M3C2]
5=0,80,0,0,0,0,
7=0,0,45480000,45834000,0,
AL=1,0,0,1,1,1,1,0,0,0,0,1,1,1,1,1,0,0,0,0

[HV_Cell_Voltage_S5M3C1]
5=0,80,0,0,0,0,
7=0,0,45480000,45834000,0,
AL=1,0,0,1,1,1,1,0,0,0,0,1,1,1,1,1,0,0,0,0

[HV_Cell_Voltage_S5M2C4]
5=0,80,0,0,0,0,
7=0,0,45480000,45834000,0,
AL=1,0,0,1,1,1,1,0,0,0,0,1,1,1,1,1,0,0,0,0

[HV_Cell_Voltage_S5M2C3]
5=0,80,0,0,0,0,
7=0,0,45480000,45834000,0,
AL=1,0,0,1,1,1,1,0,0,0,0,1,1,1,1,1,0,0,0,0

[HV_Cell_Voltage_S5M2C2]
5=0,80,0,0,0,0,
7=0,0,45480000,45834000,0,
AL=1,0,0,1,1,1,1,0,0,0,0,1,1,1,1,1,0,0,0,0

[HV_Cell_Voltage_S5M2C1]
5=0,80,0,0,0,0,
7=0,0,45480000,45834000,0,
AL=1,0,0,1,1,1,1,0,0,0,0,1,1,1,1,1,0,0,0,0

[HV_Cell_Voltage_S5M1C4]
5=0,80,0,0,0,0,
7=0,0,45480000,45834000,0,
AL=1,0,0,1,1,1,1,0,0,0,0,1,1,1,1,1,0,0,0,0

[HV_Cell_Voltage_S5M1C3]
5=0,80,0,0,0,0,
7=0,0,45480000,45834000,0,
AL=1,0,0,1,1,1,1,0,0,0,0,1,1,1,1,1,0,0,0,0

[HV_Cell_Voltage_S5M1C2]
5=0,80,0,0,0,0,
7=0,0,45480000,45834000,0,
AL=1,0,0,1,1,1,1,0,0,0,0,1,1,1,1,1,0,0,0,0

[HV_Cell_Voltage_S5M1C1]
5=0,80,0,0,0,0,
7=0,0,45480000,45834000,0,
AL=1,0,0,1,1,1,1,0,0,0,0,1,1,1,1,1,0,0,0,0

[HV_Cell_Voltage_S4M6C4]
5=0,80,0,0,0,0,
7=0,0,45480000,45834000,0,
AL=1,0,0,1,1,1,1,0,0,0,0,1,1,1,1,1,0,0,0,0

[HV_Cell_Voltage_S4M6C3]
5=0,80,0,0,0,0,
7=0,0,45480000,45834000,0,
AL=1,0,0,1,1,1,1,0,0,0,0,1,1,1,1,1,0,0,0,0

[HV_Cell_Voltage_S4M6C2]
5=0,80,0,0,0,0,
7=0,0,45480000,45834000,0,
AL=1,0,0,1,1,1,1,0,0,0,0,1,1,1,1,1,0,0,0,0

[HV_Cell_Voltage_S4M6C1]
5=0,80,0,0,0,0,
7=0,0,45480000,45834000,0,
AL=1,0,0,1,1,1,1,0,0,0,0,1,1,1,1,1,0,0,0,0

[HV_Cell_Voltage_S4M5C4]
5=0,80,0,0,0,0,
7=0,0,45480000,45834000,0,
AL=1,0,0,1,1,1,1,0,0,0,0,1,1,1,1,1,0,0,0,0

[HV_Cell_Voltage_S4M5C2]
5=0,80,0,0,0,0,
7=0,0,45480000,45834000,0,
AL=1,0,0,1,1,1,1,0,0,0,0,1,1,1,1,1,0,0,0,0

[HV_Cell_Voltage_S4M5C1]
5=0,80,0,0,0,0,
7=0,0,45480000,45834000,0,
AL=1,0,0,1,1,1,1,0,0,0,0,1,1,1,1,1,0,0,0,0

[HV_Cell_Voltage_S4M4C4]
5=0,80,0,0,0,0,
7=0,0,45480000,45834000,0,
AL=1,0,0,1,1,1,1,0,0,0,0,1,1,1,1,1,0,0,0,0

[HV_Cell_Voltage_S4M4C3]
5=0,80,0,0,0,0,
7=0,0,45480000,45834000,0,
AL=1,0,0,1,1,1,1,0,0,0,0,1,1,1,1,1,0,0,0,0

[HV_Cell_Voltage_S4M4C2]
5=0,80,0,0,0,0,
7=0,0,45480000,45834000,0,
AL=1,0,0,1,1,1,1,0,0,0,0,1,1,1,1,1,0,0,0,0

[HV_Cell_Voltage_S4M4C1]
5=0,80,0,0,0,0,
7=0,0,45480000,45834000,0,
AL=1,0,0,1,1,1,1,0,0,0,0,1,1,1,1,1,0,0,0,0

[HV_Cell_Voltage_S4M3C4]
5=0,80,0,0,0,0,
7=0,0,45480000,45834000,0,
AL=1,0,0,1,1,1,1,0,0,0,0,1,1,1,1,1,0,0,0,0

[HV_Cell_Voltage_S4M3C3]
5=0,80,0,0,0,0,
7=0,0,45480000,45834000,0,
AL=1,0,0,1,1,1,1,0,0,0,0,1,1,1,1,1,0,0,0,0

[HV_Cell_Voltage_S4M3C2]
5=0,80,0,0,0,0,
7=0,0,45480000,45834000,0,
AL=1,0,0,1,1,1,1,0,0,0,0,1,1,1,1,1,0,0,0,0

[HV_Cell_Voltage_S4M3C1]
5=0,80,0,0,0,0,
7=0,0,45480000,45834000,0,
AL=1,0,0,1,1,1,1,0,0,0,0,1,1,1,1,1,0,0,0,0

[HV_Cell_Voltage_S4M2C4]
5=0,80,0,0,0,0,
7=0,0,45480000,45834000,0,
AL=1,0,0,1,1,1,1,0,0,0,0,1,1,1,1,1,0,0,0,0

[HV_Cell_Voltage_S4M2C3]
5=0,80,0,0,0,0,
7=0,0,45480000,45834000,0,
AL=1,0,0,1,1,1,1,0,0,0,0,1,1,1,1,1,0,0,0,0

[HV_Cell_Voltage_S4M2C2]
5=0,80,0,0,0,0,
7=0,0,45480000,45834000,0,
AL=1,0,0,1,1,1,1,0,0,0,0,1,1,1,1,1,0,0,0,0

[HV_Cell_Voltage_S4M2C1]
5=0,80,0,0,0,0,
7=0,0,45480000,45834000,0,
AL=1,0,0,1,1,1,1,0,0,0,0,1,1,1,1,1,0,0,0,0

[HV_Cell_Voltage_S4M1C4]
5=0,80,0,0,0,0,
7=0,0,45480000,45834000,0,
AL=1,0,0,1,1,1,1,0,0,0,0,1,1,1,1,1,0,0,0,0

[HV_Cell_Voltage_S4M1C3]
5=0,80,0,0,0,0,
7=0,0,45480000,45834000,0,
AL=1,0,0,1,1,1,1,0,0,0,0,1,1,1,1,1,0,0,0,0

[HV_Cell_Voltage_S4M1C2]
5=0,80,0,0,0,0,
7=0,0,45480000,45834000,0,
AL=1,0,0,1,1,1,1,0,0,0,0,1,1,1,1,1,0,0,0,0

[HV_Cell_Voltage_S4M1C1]
5=0,80,0,0,0,0,
7=0,0,45480000,45834000,0,
AL=1,0,0,1,1,1,1,0,0,0,0,1,1,1,1,1,0,0,0,0

[HV_Cell_Voltage_S3M6C4]
5=0,80,0,0,0,0,
7=0,0,45480000,45834000,0,
AL=1,0,0,1,1,1,1,0,0,0,0,1,1,1,1,1,0,0,0,0

[HV_Cell_Voltage_S3M6C3]
5=0,80,0,0,0,0,
7=0,0,45480000,45834000,0,
AL=1,0,0,1,1,1,1,0,0,0,0,1,1,1,1,1,0,0,0,0

[HV_Cell_Voltage_S3M6C2]
5=0,80,0,0,0,0,
7=0,0,45480000,45834000,0,
AL=1,0,0,1,1,1,1,0,0,0,0,1,1,1,1,1,0,0,0,0

[HV_Cell_Voltage_S3M6C1]
5=0,80,0,0,0,0,
7=0,0,45480000,45834000,0,
AL=1,0,0,1,1,1,1,0,0,0,0,1,1,1,1,1,0,0,0,0

[HV_Cell_Voltage_S3M5C4]
5=0,80,0,0,0,0,
7=0,0,45480000,45834000,0,
AL=1,0,0,1,1,1,1,0,0,0,0,1,1,1,1,1,0,0,0,0

[HV_Cell_Voltage_S3M5C3]
5=0,80,0,0,0,0,
7=0,0,45480000,45834000,0,
AL=1,0,0,1,1,1,1,0,0,0,0,1,1,1,1,1,0,0,0,0

[HV_Cell_Voltage_S3M5C2]
5=0,80,0,0,0,0,
7=0,0,45480000,45834000,0,
AL=1,0,0,1,1,1,1,0,0,0,0,1,1,1,1,1,0,0,0,0

[HV_Cell_Voltage_S3M5C1]
5=0,80,0,0,0,0,
7=0,0,45480000,45834000,0,
AL=1,0,0,1,1,1,1,0,0,0,0,1,1,1,1,1,0,0,0,0

[HV_Cell_Voltage_S3M4C4]
5=0,80,0,0,0,0,
7=0,0,45480000,45834000,0,
AL=1,0,0,1,1,1,1,0,0,0,0,1,1,1,1,1,0,0,0,0

[HV_Cell_Voltage_S3M4C3]
5=0,80,0,0,0,0,
7=0,0,45480000,45834000,0,
AL=1,0,0,1,1,1,1,0,0,0,0,1,1,1,1,1,0,0,0,0

[HV_Cell_Voltage_S3M4C2]
5=0,80,0,0,0,0,
7=0,0,45480000,45834000,0,
AL=1,0,0,1,1,1,1,0,0,0,0,1,1,1,1,1,0,0,0,0

[HV_Cell_Voltage_S3M4C1]
5=0,80,0,0,0,0,
7=0,0,45480000,45834000,0,
AL=1,0,0,1,1,1,1,0,0,0,0,1,1,1,1,1,0,0,0,0

[HV_Cell_Voltage_S3M3C4]
5=0,80,0,0,0,0,
7=0,0,45480000,45834000,0,
AL=1,0,0,1,1,1,1,0,0,0,0,1,1,1,1,1,0,0,0,0

[HV_Cell_Voltage_S3M3C3]
5=0,80,0,0,0,0,
7=0,0,45480000,45834000,0,
AL=1,0,0,1,1,1,1,0,0,0,0,1,1,1,1,1,0,0,0,0

[HV_Cell_Voltage_S3M3C2]
5=0,80,0,0,0,0,
7=0,0,45480000,45834000,0,
AL=1,0,0,1,1,1,1,0,0,0,0,1,1,1,1,1,0,0,0,0

[HV_Cell_Voltage_S3M3C1]
5=0,80,0,0,0,0,
7=0,0,45480000,45834000,0,
AL=1,0,0,1,1,1,1,0,0,0,0,1,1,1,1,1,0,0,0,0

[HV_Cell_Voltage_S3M2C4]
5=0,80,0,0,0,0,
7=0,0,45480000,45834000,0,
AL=1,0,0,1,1,1,1,0,0,0,0,1,1,1,1,1,0,0,0,0

[HV_Cell_Voltage_S3M2C3]
5=0,80,0,0,0,0,
7=0,0,45480000,45834000,0,
AL=1,0,0,1,1,1,1,0,0,0,0,1,1,1,1,1,0,0,0,0

[HV_Cell_Voltage_S3M2C2]
5=0,80,0,0,0,0,
7=0,0,45480000,45834000,0,
AL=1,0,0,1,1,1,1,0,0,0,0,1,1,1,1,1,0,0,0,0

[HV_Cell_Voltage_S3M2C1]
5=0,80,0,0,0,0,
7=0,0,45480000,45834000,0,
AL=1,0,0,1,1,1,1,0,0,0,0,1,1,1,1,1,0,0,0,0

[HV_Cell_Voltage_S3M1C4]
5=0,80,0,0,0,0,
7=0,0,45480000,45834000,0,
AL=1,0,0,1,1,1,1,0,0,0,0,1,1,1,1,1,0,0,0,0

[HV_Cell_Voltage_S3M1C3]
5=0,80,0,0,0,0,
7=0,0,45480000,45834000,0,
AL=1,0,0,1,1,1,1,0,0,0,0,1,1,1,1,1,0,0,0,0

[HV_Cell_Voltage_S3M1C2]
5=0,80,0,0,0,0,
7=0,0,45480000,45834000,0,
AL=1,0,0,1,1,1,1,0,0,0,0,1,1,1,1,1,0,0,0,0

[HV_Cell_Voltage_S3M1C1]
5=0,80,0,0,0,0,
7=0,0,45480000,45834000,0,
AL=1,0,0,1,1,1,1,0,0,0,0,1,1,1,1,1,0,0,0,0

[HV_Cell_Voltage_S2M6C4]
5=0,80,0,0,0,0,
7=0,0,45480000,45834000,0,
AL=1,0,0,1,1,1,1,0,0,0,0,1,1,1,1,1,0,0,0,0

[HV_Cell_Voltage_S2M6C3]
5=0,80,0,0,0,0,
7=0,0,45480000,45834000,0,
AL=1,0,0,1,1,1,1,0,0,0,0,1,1,1,1,1,0,0,0,0

[HV_Cell_Voltage_S2M6C2]
5=0,80,0,0,0,0,
7=0,0,45480000,45834000,0,
AL=1,0,0,1,1,1,1,0,0,0,0,1,1,1,1,1,0,0,0,0

[HV_Cell_Voltage_S2M6C1]
5=0,80,0,0,0,0,
7=0,0,45480000,45834000,0,
AL=1,0,0,1,1,1,1,0,0,0,0,1,1,1,1,1,0,0,0,0

[HV_Cell_Voltage_S2M5C4]
5=0,80,0,0,0,0,
7=0,0,45480000,45834000,0,
AL=1,0,0,1,1,1,1,0,0,0,0,1,1,1,1,1,0,0,0,0

[HV_Cell_Voltage_S2M5C3]
5=0,80,0,0,0,0,
7=0,0,45480000,45834000,0,
AL=1,0,0,1,1,1,1,0,0,0,0,1,1,1,1,1,0,0,0,0

[HV_Cell_Voltage_S2M5C2]
5=0,80,0,0,0,0,
7=0,0,45480000,45834000,0,
AL=1,0,0,1,1,1,1,0,0,0,0,1,1,1,1,1,0,0,0,0

[HV_Cell_Voltage_S2M5C1]
5=0,80,0,0,0,0,
7=0,0,45480000,45834000,0,
AL=1,0,0,1,1,1,1,0,0,0,0,1,1,1,1,1,0,0,0,0

[HV_Cell_Voltage_S2M4C4]
5=0,80,0,0,0,0,
7=0,0,45480000,45834000,0,
AL=1,0,0,1,1,1,1,0,0,0,0,1,1,1,1,1,0,0,0,0

[HV_Cell_Voltage_S2M4C3]
5=0,80,0,0,0,0,
7=0,0,45480000,45834000,0,
AL=1,0,0,1,1,1,1,0,0,0,0,1,1,1,1,1,0,0,0,0

[HV_Cell_Voltage_S2M4C2]
5=0,80,0,0,0,0,
7=0,0,45480000,45834000,0,
AL=1,0,0,1,1,1,1,0,0,0,0,1,1,1,1,1,0,0,0,0

[HV_Cell_Voltage_S2M4C1]
5=0,80,0,0,0,0,
7=0,0,45480000,45834000,0,
AL=1,0,0,1,1,1,1,0,0,0,0,1,1,1,1,1,0,0,0,0

[HV_Cell_Voltage_S2M3C4]
5=0,80,0,0,0,0,
7=0,0,45480000,45834000,0,
AL=1,0,0,1,1,1,1,0,0,0,0,1,1,1,1,1,0,0,0,0

[HV_Cell_Voltage_S2M3C3]
5=0,80,0,0,0,0,
7=0,0,45480000,45834000,0,
AL=1,0,0,1,1,1,1,0,0,0,0,1,1,1,1,1,0,0,0,0

[HV_Cell_Voltage_S2M3C2]
5=0,80,0,0,0,0,
7=0,0,45480000,45834000,0,
AL=1,0,0,1,1,1,1,0,0,0,0,1,1,1,1,1,0,0,0,0

[HV_Cell_Voltage_S2M3C1]
5=0,80,0,0,0,0,
7=0,0,45480000,45834000,0,
AL=1,0,0,1,1,1,1,0,0,0,0,1,1,1,1,1,0,0,0,0

[HV_Cell_Voltage_S2M2C4]
5=0,80,0,0,0,0,
7=0,0,45480000,45834000,0,
AL=1,0,0,1,1,1,1,0,0,0,0,1,1,1,1,1,0,0,0,0

[HV_Cell_Voltage_S2M2C3]
5=0,80,0,0,0,0,
7=0,0,45480000,45834000,0,
AL=1,0,0,1,1,1,1,0,0,0,0,1,1,1,1,1,0,0,0,0

[HV_Cell_Voltage_S2M2C2]
5=0,80,0,0,0,0,
7=0,0,45480000,45834000,0,
AL=1,0,0,1,1,1,1,0,0,0,0,1,1,1,1,1,0,0,0,0

[HV_Cell_Voltage_S2M2C1]
5=0,80,0,0,0,0,
7=0,0,45480000,45834000,0,
AL=1,0,0,1,1,1,1,0,0,0,0,1,1,1,1,1,0,0,0,0

[HV_Cell_Voltage_S2M1C4]
5=0,80,0,0,0,0,
7=0,0,45480000,45834000,0,
AL=1,0,0,1,1,1,1,0,0,0,0,1,1,1,1,1,0,0,0,0

[HV_Cell_Voltage_S2M1C3]
5=0,80,0,0,0,0,
7=0,0,45480000,45834000,0,
AL=1,0,0,1,1,1,1,0,0,0,0,1,1,1,1,1,0,0,0,0

[HV_Cell_Voltage_S1M3C4]
5=0,80,0,0,0,0,
7=0,0,45480000,45834000,0,
AL=1,0,0,1,1,1,1,0,0,0,0,1,1,1,1,1,0,0,0,0

[HV_Cell_Voltage_S1M3C3]
5=0,80,0,0,0,0,
7=0,0,45480000,45834000,0,
AL=1,0,0,1,1,1,1,0,0,0,0,1,1,1,1,1,0,0,0,0

[HV_Cell_Voltage_S1M3C2]
5=0,80,0,0,0,0,
7=0,0,45480000,45834000,0,
AL=1,0,0,1,1,1,1,0,0,0,0,1,1,1,1,1,0,0,0,0

[HV_Cell_Voltage_S1M3C1]
5=0,80,0,0,0,0,
7=0,0,45480000,45834000,0,
AL=1,0,0,1,1,1,1,0,0,0,0,1,1,1,1,1,0,0,0,0

[HV_Cell_Voltage_S1M2C4]
5=0,80,0,0,0,0,
7=0,0,45480000,45834000,0,
AL=1,0,0,1,1,1,1,0,0,0,0,1,1,1,1,1,0,0,0,0

[HV_Cell_Voltage_S1M2C3]
5=0,80,0,0,0,0,
7=0,0,45480000,45834000,0,
AL=1,0,0,1,1,1,1,0,0,0,0,1,1,1,1,1,0,0,0,0

[HV_Cell_Voltage_S1M2C2]
5=0,80,0,0,0,0,
7=0,0,45480000,45834000,0,
AL=1,0,0,1,1,1,1,0,0,0,0,1,1,1,1,1,0,0,0,0

[HV_Cell_Voltage_S1M2C1]
5=0,80,0,0,0,0,
7=0,0,45480000,45834000,0,
AL=1,0,0,1,1,1,1,0,0,0,0,1,1,1,1,1,0,0,0,0

[HV_Cell_Voltage_S1M1C4]
5=0,80,0,0,0,0,
7=0,0,45480000,45834000,0,
AL=1,0,0,1,1,1,1,0,0,0,0,1,1,1,1,1,0,0,0,0

[HV_Cell_Voltage_S1M1C3]
5=0,80,0,0,0,0,
7=0,0,45480000,45834000,0,
AL=1,0,0,1,1,1,1,0,0,0,0,1,1,1,1,1,0,0,0,0

[HV_Cell_Voltage_S1M1C2]
5=0,80,0,0,0,0,
7=0,0,45480000,45834000,0,
AL=1,0,0,1,1,1,1,0,0,0,0,1,1,1,1,1,0,0,0,0

[HV_Cell_Voltage_S1M1C1]
5=0,80,0,0,0,0,
7=0,0,45480000,45834000,0,
AL=1,0,0,1,1,1,1,0,0,0,0,1,1,1,1,1,0,0,0,0

[INT_Iq1]
5=0,62,0,0,0,0,
7=0,FF,0,43FA0000,0,
AL=1,0,0,1,1,1,1,0,0,0,0,1,1,1,1,1,0,0,0,0

[INT_Iq2]
5=0,62,0,0,0,0,
7=0,40FF00,0,43FA0000,0,
AL=1,0,0,1,1,1,1,0,0,0,0,1,1,1,1,1,0,0,0,0

[INT_Iq3]
5=0,62,0,0,0,0,
7=0,FF0000,0,43FA0000,0,
AL=1,0,0,1,1,1,1,0,0,0,0,1,1,1,1,1,0,0,0,0

[INT_Iq4]
5=0,62,0,0,0,0,
7=0,FFFF,0,43FA0000,0,
AL=1,0,0,1,1,1,1,0,0,0,0,1,1,1,1,1,0,0,0,0

[INT_Id1]
5=0,62,0,0,0,0,
7=0,FF,0,43FA0000,0,
AL=1,0,0,1,1,1,1,0,0,0,0,1,1,1,1,1,0,0,0,0

[INT_Id2]
5=0,62,0,0,0,0,
7=0,40FF00,0,43FA0000,0,
AL=1,0,0,1,1,1,1,0,0,0,0,1,1,1,1,1,0,0,0,0

[INT_Id3]
5=0,62,0,0,0,0,
7=0,FF0000,0,43FA0000,0,
AL=1,0,0,1,1,1,1,0,0,0,0,1,1,1,1,1,0,0,0,0

[INT_Id4]
5=0,62,0,0,0,0,
7=0,FFFF,0,43FA0000,0,
AL=1,0,0,1,1,1,1,0,0,0,0,1,1,1,1,1,0,0,0,0

[correction]
5=0,84,0,0,0,0,
7=0,0,0,42C80000,0,
AL=1,0,0,1,1,1,1,0,0,0,0,1,1,1,1,1,0,0,0,0

[brake_rear]
5=0,83,0,0,0,0,
7=0,0,0,42C80000,0,
AL=1,0,0,1,1,1,1,0,0,0,0,1,1,1,1,1,0,0,0,0

[INT_BrakePos]
5=0,83,0,0,0,0,
7=0,0,0,42C80000,0,
AL=1,0,0,1,1,1,1,0,0,0,0,1,1,1,1,1,0,0,0,0
